[inf, 
inf, 
inf, 
inf, 
inf, 
inf, 
inf, 
inf, 
inf, 
inf, 
0.18700000643730164, 
0.1850000023841858, 
inf, 
inf, 
inf, 
0.25999999046325684, 
inf, 
0.2590000033378601, 
0.25999999046325684, 
0.257999986410141, 
0.27300000190734863, 
inf, 
inf, 
inf, 
inf, 
inf, 
inf, 
inf, 
inf, 
inf, 
inf, 
inf, 
inf, 
inf, 
inf, 
inf, 
inf, 
inf, 
inf, 
inf, 
inf, 
inf, 
inf, 
0.42100000381469727, 
inf, 
inf, 
inf, 
0.7599999904632568, 
0.7990000247955322, 
0.8199999928474426, 
0.8429999947547913, 
0.8659999966621399, 
0.9179999828338623, 
0.9480000138282776, 
0.9779999852180481, 
1.0410000085830688, 
inf, 
inf, 
inf, 
inf, 
1.4019999504089355, 
1.4320000410079956, 
inf, 
inf, 
inf, 
inf, 
inf, 
inf, 
inf, 
inf, 
inf, 
inf, 
inf, 
inf, 
inf, 
inf, 
inf, 
inf, 
2.555999994277954, 
2.555999994277954, 
2.5450000762939453, 
2.5450000762939453, 
2.559000015258789, 
2.563999891281128, 
2.563999891281128, 
2.569000005722046, 
2.572999954223633, 
2.5769999027252197, 
2.5929999351501465, 
inf, 
inf, 
0.9599999785423279, 
inf, 
2.0350000858306885, 
1.9550000429153442, 
1.8919999599456787, 
1.9049999713897705, 
1.9110000133514404, 
1.9220000505447388, 
1.9359999895095825, 
1.9470000267028809, 
1.9739999771118164, 
1.968999981880188, 
2.8559999465942383, 
2.882999897003174, 
2.8929998874664307, 
2.9119999408721924, 
2.9549999237060547, 
2.9709999561309814, 
3.009999990463257, 
3.052000045776367, 
3.072000026702881, 
3.1389999389648438, 
3.1540000438690186, 
3.183000087738037, 
inf, 
0.796999990940094, 
0.7850000262260437, 
0.7580000162124634, 
0.7509999871253967, 
0.7419999837875366, 
0.7390000224113464, 
0.6700000166893005, 
0.6579999923706055, 
0.628000020980835, 
0.6159999966621399, 
0.5879999995231628, 
0.5789999961853027, 
0.5460000038146973, 
0.5379999876022339, 
0.5289999842643738, 
0.5260000228881836, 
inf, 
0.49900001287460327, 
0.23800000548362732, 
0.492000013589859, 
0.49000000953674316, 
inf, 
0.2240000069141388, 
0.22200000286102295, 
0.4970000088214874, 
0.4970000088214874, 
inf, 
inf, 
inf, 
0.5080000162124634, 
0.5099999904632568, 
0.515999972820282, 
0.5210000276565552, 
0.5249999761581421, 
0.5320000052452087, 
0.5370000004768372, 
0.5429999828338623, 
0.5519999861717224, 
inf, 
0.375, 
0.3700000047683716, 
0.36500000953674316, 
0.36399999260902405, 
0.36500000953674316, 
0.36800000071525574, 
0.3720000088214874, 
0.37700000405311584, 
0.38100001215934753, 
0.39100000262260437, 
0.39800000190734863, 
0.4050000011920929, 
0.41600000858306885, 
0.42899999022483826, 
0.453000009059906, 
inf, 
inf, 
1.5479999780654907, 
1.555999994277954, 
inf, 
1.0579999685287476, 
1.0230000019073486, 
1.0219999551773071, 
1.0180000066757202, 
1.0180000066757202, 
1.0160000324249268, 
1.024999976158142, 
1.027999997138977, 
1.0700000524520874, 
1.0700000524520874, 
1.0980000495910645, 
1.1160000562667847, 
1.121999979019165, 
1.1109999418258667, 
inf, 
1.1339999437332153, 
inf, 
inf, 
inf, 
inf, 
inf, 
inf, 
inf, 
inf, 
inf, 
inf, 
inf, 
inf, 
inf, 
inf, 
inf, 
inf, 
0.12999999523162842, 
0.13199999928474426, 
0.12999999523162842, 
0.12999999523162842, 
inf, 
0.13199999928474426, 
inf, 
inf, 
inf, 
inf, 
inf, 
inf, 
inf, 
inf, 
0.3630000054836273, 
0.35100001096725464, 
0.35100001096725464, 
0.3490000069141388, 
0.3479999899864197, 
0.34700000286102295, 
0.34700000286102295, 
0.34700000286102295, 
0.34700000286102295, 
0.33500000834465027, 
0.33000001311302185, 
0.32899999618530273, 
0.328000009059906, 
0.328000009059906, 
inf, 
inf, 
inf, 
inf, 
inf, 
inf, 
inf, 
inf, 
inf, 
inf, 
0.24699999392032623, 
0.25200000405311584, 
0.24699999392032623, 
inf, 
0.23899999260902405, 
inf, 
0.23999999463558197, 
0.23800000548362732, 
inf, 
0.23999999463558197, 
0.23999999463558197, 
inf, 
inf, 
0.2370000034570694, 
inf, 
inf, 
0.17399999499320984, 
0.1679999977350235, 
0.16599999368190765, 
0.164000004529953, 
0.16099999845027924, 
0.1599999964237213, 
0.15800000727176666, 
0.15700000524520874, 
0.15600000321865082, 
0.1550000011920929, 
0.1550000011920929, 
0.1550000011920929, 
0.15600000321865082, 
0.15600000321865082, 
0.15800000727176666, 
0.1589999943971634, 
0.16200000047683716, 
0.164000004529953, 
0.16699999570846558, 
inf, 
inf, 
inf, 
inf, 
0.3269999921321869, 
0.3310000002384186, 
0.33399999141693115, 
0.3370000123977661, 
0.3400000035762787, 
0.34200000762939453, 
0.34599998593330383, 
0.3499999940395355, 
0.34700000286102295, 
inf, 
inf, 
inf, 
inf, 
inf, 
inf, 
inf, 
inf, 
inf, 
inf, 
inf, 
inf, 
inf, 
inf, 
inf, 
inf, 
0.2919999957084656, 
inf, 
inf, 
inf, 
inf, 
inf, 
inf, 
0.20399999618530273, 
0.3540000021457672, 
inf, 
0.42800000309944153, 
0.42100000381469727, 
0.4180000126361847, 
0.41499999165534973, 
0.4129999876022339, 
0.40799999237060547, 
inf, 
0.1979999989271164, 
0.19200000166893005, 
inf, 
inf, 
inf, 
inf, 
inf, 
0.1899999976158142, 
0.19200000166893005, 
inf, 
inf, 
0.18700000643730164, 
0.1860000044107437, 
0.18400000035762787, 
0.18199999630451202, 
0.18299999833106995, 
0.18299999833106995, 
0.18400000035762787, 
0.18799999356269836, 
inf, 
inf, 
inf, 
inf, 
inf, 
inf, 
inf, 
inf, 
inf, 
inf, 
inf, 
inf, 
inf, 
inf, 
inf, 
]